54
53
53
54
54
54
54
54
54
54
54
53
54
53
55
55
54
54
53
54
54
54
53
53
54
55
53
54
54
54
54
55
55
54
55
55
55
55
55
55
54
55
55
55
55
55
55
55
55
56
56
56
55
55
55
55
55
55
56
56
56
56
56
56
55
55
56
56
56
55
56
56
56
55
56
55
56
56
57
56
56
57
56
56
56
56
56
57
57
56
56
56
57
56
56
57
56
56
57
56
57
57
57
56
57
57
57
56
58
57
57
57
57
58
58
57
57
57
57
57
57
58
57
57
58
57
57
58
57
57
58
58
58
58
58
58
57
58
57
57
57
57
57
58
57
57
59
58
59
59
58
57
58
59
58
57
58
58
59
58
58
58
59
59
59
58
58
58
59
58
58
58
58
58
59
58
58
58
58
59
58
59
59
58
59
58
59
59
59
58
59
58
59
58
59
59
59
59
59
59
59
59
59
59
59
58
60
60
60
60
60
60
60
59
59
60
60
59
59
58
60
60
60
59
59
59
59
59
59
59
61
61
60
59
59
60
60
59
60
60
60
60
60
60
59
61
60
61
60
60
59
59
59
60
60
60
60
60
60
61
60
60
60
59
60
60
60
60
61
60
60
60
60
60
60
60
60
60
61
60
60
60
61
61
61
60
60
60
61
60
60
61
60
61
61
60
61
60
61
60
61
61
60
60
60
60
60
61
60
61
60
60
61
60
61
61
61
61
60
62
61
61
61
61
61
60
62
62
61
61
62
61
60
61
62
61
61
60
61
62
61
61
61
61
61
61
61
61
62
61
61
61
62
61
62
61
61
61
61
61
62
62
61
61
62
62
62
62
62
62
61
61
62
62
62
61
62
61
61
62
62
62
61
61
62
61
61
62
62
62
61
61
61
61
62
62
62
62
62
61
62
61
62
62
62
62
62
62
62
62
62
63
61
61
62
62
61
62
62
63
63
63
63
62
62
61
63
62
62
62
62
63
62
62
63
63
62
62
62
62
63
63
63
63
63
62
63
63
63
62
63
62
62
62
63
62
62
63
62
62
63
63
62
63
62
62
62
63
62
63
63
62
63
63
63
63
62
63
62
63
63
62
63
62
63
63
62
63
63
63
62
63
62
63
63
63
63
63
62
62
63
63
62
63
63
62
62
63
63
63
62
63
63
62
63
63
63
62
63
63
63
63
63
62
62
63
62
63
62
63
63
63
62
62
63
62
63
62
62
63
62
62
62
63
62
63
63
62
63
63
63
63
63
63
63
62
62
63
63
63
63
63
63
63
63
62
63
63
63
63
63
62
62
64
63
63
63
63
64
62
63
63
64
63
63
63
63
63
63
63
63
63
63
64
62
63
63
63
63
64
65
65
66
67
67
68
69
70
70
71
71
72
74
74
74
75
76
77
78
79
79
80
80
82
82
83
83
83
85
85
87
87
88
89
89
89
90
90
92
92
93
93
94
95
95
97
96
98
98
99
99
100
100
101
101
103
103
104
105
105
105
106
107
108
107
108
109
110
110
111
112
112
112
114
114
115
115
116
115
116
117
117
118
119
119
119
121
121
121
122
123
123
124
124
124
125
126
126
126
127
127
127
128
130
129
131
131
131
131
133
132
133
133
135
134
135
136
137
136
138
138
138
138
139
139
140
140
142
142
142
142
142
144
143
143
144
144
146
145
146
146
146
148
147
149
148
149
150
149
151
151
151
151
152
153
152
153
153
154
155
155
155
155
156
157
156
156
157
158
158
159
158
159
159
160
159
160
161
162
161
162
163
162
163
164
164
164
165
165
164
165
166
165
167
167
167
166
168
167
168
168
168
170
169
170
170
170
171
171
171
172
171
172
172
173
172
173
173
174
174
174
174
175
175
175
175
175
175
177
176
176
178
177
178
178
179
179
179
179
179
179
179
179
180
180
180
181
180
181
182
181
182
183
182
183
183
183
183
184
184
184
183
184
184
184
185
185
185
186
186
185
185
186
185
186
187
186
188
187
187
187
187
188
187
188
188
188
187
189
189
188
188
188
189
189
189
188
189
188
189
189
189
189
190
190
189
190
190
190
190
190
189
189
189
189
189
189
189
189
190
190
189
189
189
189
190
189
188
189
189
189
189
189
190
189
189
190
188
189
188
188
189
188
188
188
188
188
189
188
189
189
188
188
188
188
188
189
188
188
188
187
188
187
188
187
188
187
187
188
187
188
187
187
187
187
187
187
187
186
186
186
186
186
187
186
186
186
186
186
185
186
186
186
185
186
186
186
186
185
185
185
186
184
185
185
185
185
185
185
185
184
184
184
185
185
184
185
185
185
184
183
184
184
184
184
183
184
184
184
184
183
183
183
183
183
183
183
183
183
183
183
183
182
182
182
182
182
182
182
183
183
183
182
182
182
182
182
182
182
182
182
181
181
182
181
182
181
181
181
181
181
180
181
180
181
180
181
181
180
181
181
180
181
180
181
180
180
180
180
180
180
179
180
180
179
180
180
179
180
179
179
180
180
179
180
178
179
179
179
179
178
179
179
178
179
179
178
178
178
178
178
178
178
178
178
177
177
177
178
178
178
178
177
178
178
178
178
178
177
178
177
177
178
177
176
177
176
176
177
176
176
176
177
177
176
177
176
176
176
175
176
177
176
176
176
176
175
176
176
175
176
176
176
175
175
175
176
175
176
175
175
175
175
175
175
175
174
174
174
174
175
174
174
174
174
174
175
174
174
174